filename,category
dog_bark__esc50__fold_1__100032__0000__r0.wav,dog_bark
dog_bark__esc50__fold_1__110389__0001__r0.wav,dog_bark
dog_bark__esc50__fold_1__30226__0002__r0.wav,dog_bark
dog_bark__esc50__fold_1__30344__0003__r0.wav,dog_bark
dog_bark__esc50__fold_1__32318__0004__r0.wav,dog_bark
dog_bark__esc50__fold_1__59513__0005__r0.wav,dog_bark
dog_bark__esc50__fold_1__85362__0006__r0.wav,dog_bark
dog_bark__esc50__fold_1__97392__0007__r0.wav,dog_bark
dog_bark__esc50__fold_2__114280__0008__r0.wav,dog_bark
dog_bark__esc50__fold_2__114587__0009__r0.wav,dog_bark
dog_bark__esc50__fold_2__116400__0010__r0.wav,dog_bark
dog_bark__esc50__fold_2__117271__0011__r0.wav,dog_bark
dog_bark__esc50__fold_2__118072__0012__r0.wav,dog_bark
dog_bark__esc50__fold_2__118964__0013__r0.wav,dog_bark
dog_bark__esc50__fold_2__122104__0014__r0.wav,dog_bark
dog_bark__esc50__fold_2__122104__0015__r0.wav,dog_bark
dog_bark__esc50__fold_3__136288__0016__r0.wav,dog_bark
dog_bark__esc50__fold_3__144028__0017__r0.wav,dog_bark
dog_bark__esc50__fold_3__155312__0018__r0.wav,dog_bark
dog_bark__esc50__fold_3__157695__0019__r0.wav,dog_bark
dog_bark__esc50__fold_3__163459__0020__r0.wav,dog_bark
dog_bark__esc50__fold_3__170015__0021__r0.wav,dog_bark
dog_bark__esc50__fold_3__180256__0022__r0.wav,dog_bark
dog_bark__esc50__fold_3__180977__0023__r0.wav,dog_bark
dog_bark__fsd50k__dev__114280__0024__r0.wav,dog_bark
dog_bark__fsd50k__dev__118961__0025__r0.wav,dog_bark
dog_bark__fsd50k__dev__118962__0026__r0.wav,dog_bark
dog_bark__fsd50k__dev__118963__0027__r0.wav,dog_bark
dog_bark__fsd50k__dev__118964__0028__r0.wav,dog_bark
dog_bark__fsd50k__dev__125554__0029__r0.wav,dog_bark
dog_bark__fsd50k__dev__125574__0030__r0.wav,dog_bark
dog_bark__fsd50k__dev__130030__0031__r0.wav,dog_bark
dog_bark__fsd50k__dev__137803__0032__r0.wav,dog_bark
dog_bark__fsd50k__dev__155309__0033__r0.wav,dog_bark
dog_bark__fsd50k__dev__155311__0034__r0.wav,dog_bark
dog_bark__fsd50k__dev__155312__0035__r0.wav,dog_bark
dog_bark__fsd50k__dev__155317__0036__r0.wav,dog_bark
dog_bark__fsd50k__dev__156418__0037__r0.wav,dog_bark
dog_bark__fsd50k__dev__157322__0038__r0.wav,dog_bark
dog_bark__fsd50k__dev__160092__0039__r0.wav,dog_bark
dog_bark__fsd50k__dev__160093__0040__r0.wav,dog_bark
dog_bark__fsd50k__dev__160094__0041__r0.wav,dog_bark
dog_bark__fsd50k__dev__164311__0042__r0.wav,dog_bark
dog_bark__fsd50k__dev__164488__0043__r0.wav,dog_bark
dog_bark__fsd50k__dev__179096__0044__r0.wav,dog_bark
dog_bark__fsd50k__dev__183992__0045__r0.wav,dog_bark
dog_bark__fsd50k__dev__184725__0046__r0.wav,dog_bark
dog_bark__fsd50k__dev__193394__0047__r0.wav,dog_bark
dog_bark__fsd50k__dev__194753__0048__r0.wav,dog_bark
dog_bark__fsd50k__dev__194754__0049__r0.wav,dog_bark
dog_bark__fsd50k__dev__234030__0050__r0.wav,dog_bark
dog_bark__fsd50k__dev__235864__0051__r0.wav,dog_bark
dog_bark__fsd50k__dev__235865__0052__r0.wav,dog_bark
dog_bark__fsd50k__dev__235867__0053__r0.wav,dog_bark
dog_bark__fsd50k__dev__235869__0054__r0.wav,dog_bark
dog_bark__fsd50k__dev__235871__0055__r0.wav,dog_bark
dog_bark__fsd50k__dev__235872__0056__r0.wav,dog_bark
dog_bark__fsd50k__dev__235884__0057__r0.wav,dog_bark
dog_bark__fsd50k__dev__235885__0058__r0.wav,dog_bark
dog_bark__fsd50k__dev__235886__0059__r0.wav,dog_bark
dog_bark__fsd50k__dev__235890__0060__r0.wav,dog_bark
dog_bark__fsd50k__dev__236011__0061__r0.wav,dog_bark
dog_bark__fsd50k__dev__236013__0062__r0.wav,dog_bark
dog_bark__fsd50k__dev__236016__0063__r0.wav,dog_bark
dog_bark__fsd50k__dev__236017__0064__r0.wav,dog_bark
dog_bark__fsd50k__dev__236018__0065__r0.wav,dog_bark
dog_bark__fsd50k__dev__236019__0066__r0.wav,dog_bark
dog_bark__fsd50k__dev__236020__0067__r0.wav,dog_bark
dog_bark__fsd50k__dev__236021__0068__r0.wav,dog_bark
dog_bark__fsd50k__dev__236022__0069__r0.wav,dog_bark
dog_bark__fsd50k__dev__236025__0070__r0.wav,dog_bark
dog_bark__fsd50k__dev__236026__0071__r0.wav,dog_bark
dog_bark__fsd50k__dev__236027__0072__r0.wav,dog_bark
dog_bark__fsd50k__dev__236028__0073__r0.wav,dog_bark
dog_bark__fsd50k__dev__236029__0074__r0.wav,dog_bark
dog_bark__fsd50k__dev__236030__0075__r0.wav,dog_bark
dog_bark__fsd50k__dev__236031__0076__r0.wav,dog_bark
dog_bark__fsd50k__dev__236032__0077__r0.wav,dog_bark
dog_bark__fsd50k__dev__236034__0078__r0.wav,dog_bark
dog_bark__fsd50k__dev__236035__0079__r0.wav,dog_bark
dog_bark__fsd50k__dev__236037__0080__r0.wav,dog_bark
dog_bark__fsd50k__dev__236038__0081__r0.wav,dog_bark
dog_bark__fsd50k__dev__236039__0082__r0.wav,dog_bark
dog_bark__fsd50k__dev__236040__0083__r0.wav,dog_bark
dog_bark__fsd50k__dev__236041__0084__r0.wav,dog_bark
dog_bark__fsd50k__dev__236042__0085__r0.wav,dog_bark
dog_bark__fsd50k__dev__236043__0086__r0.wav,dog_bark
dog_bark__fsd50k__dev__236044__0087__r0.wav,dog_bark
dog_bark__fsd50k__dev__236045__0088__r0.wav,dog_bark
dog_bark__fsd50k__dev__236046__0089__r0.wav,dog_bark
dog_bark__fsd50k__dev__236047__0090__r0.wav,dog_bark
dog_bark__fsd50k__dev__236048__0091__r0.wav,dog_bark
dog_bark__fsd50k__dev__236049__0092__r0.wav,dog_bark
dog_bark__fsd50k__dev__236050__0093__r0.wav,dog_bark
dog_bark__fsd50k__dev__236051__0094__r0.wav,dog_bark
dog_bark__fsd50k__dev__236052__0095__r0.wav,dog_bark
dog_bark__fsd50k__dev__236053__0096__r0.wav,dog_bark
dog_bark__fsd50k__dev__236054__0097__r0.wav,dog_bark
dog_bark__fsd50k__dev__236055__0098__r0.wav,dog_bark
dog_bark__fsd50k__dev__236056__0099__r0.wav,dog_bark
dog_bark__fsd50k__dev__236057__0100__r0.wav,dog_bark
dog_bark__fsd50k__dev__236058__0101__r0.wav,dog_bark
dog_bark__fsd50k__dev__236059__0102__r0.wav,dog_bark
dog_bark__fsd50k__dev__236060__0103__r0.wav,dog_bark
dog_bark__fsd50k__dev__236061__0104__r0.wav,dog_bark
dog_bark__fsd50k__dev__236062__0105__r0.wav,dog_bark
dog_bark__fsd50k__dev__236064__0106__r0.wav,dog_bark
dog_bark__fsd50k__dev__236065__0107__r0.wav,dog_bark
dog_bark__fsd50k__dev__236066__0108__r0.wav,dog_bark
dog_bark__fsd50k__dev__236067__0109__r0.wav,dog_bark
dog_bark__fsd50k__dev__236068__0110__r0.wav,dog_bark
dog_bark__fsd50k__dev__236071__0111__r0.wav,dog_bark
dog_bark__fsd50k__dev__236074__0112__r0.wav,dog_bark
dog_bark__fsd50k__dev__236075__0113__r0.wav,dog_bark
dog_bark__fsd50k__dev__236076__0114__r0.wav,dog_bark
dog_bark__fsd50k__dev__236077__0115__r0.wav,dog_bark
dog_bark__fsd50k__dev__236078__0116__r0.wav,dog_bark
dog_bark__fsd50k__dev__236084__0117__r0.wav,dog_bark
dog_bark__fsd50k__dev__236085__0118__r0.wav,dog_bark
dog_bark__fsd50k__dev__236086__0119__r0.wav,dog_bark
dog_bark__fsd50k__dev__236087__0120__r0.wav,dog_bark
dog_bark__fsd50k__dev__236088__0121__r0.wav,dog_bark
dog_bark__fsd50k__dev__236089__0122__r0.wav,dog_bark
dog_bark__fsd50k__dev__236090__0123__r0.wav,dog_bark
dog_bark__fsd50k__dev__236093__0124__r0.wav,dog_bark
dog_bark__fsd50k__dev__236094__0125__r0.wav,dog_bark
dog_bark__fsd50k__dev__236095__0126__r0.wav,dog_bark
dog_bark__fsd50k__dev__236096__0127__r0.wav,dog_bark
dog_bark__fsd50k__dev__236097__0128__r0.wav,dog_bark
dog_bark__fsd50k__dev__236098__0129__r0.wav,dog_bark
dog_bark__fsd50k__dev__236099__0130__r0.wav,dog_bark
dog_bark__fsd50k__dev__236100__0131__r0.wav,dog_bark
dog_bark__fsd50k__dev__236101__0132__r0.wav,dog_bark
dog_bark__fsd50k__dev__236105__0133__r0.wav,dog_bark
dog_bark__fsd50k__dev__236106__0134__r0.wav,dog_bark
dog_bark__fsd50k__dev__236107__0135__r0.wav,dog_bark
dog_bark__fsd50k__dev__236108__0136__r0.wav,dog_bark
dog_bark__fsd50k__dev__236109__0137__r0.wav,dog_bark
dog_bark__fsd50k__dev__236110__0138__r0.wav,dog_bark
dog_bark__fsd50k__dev__236111__0139__r0.wav,dog_bark
dog_bark__fsd50k__dev__236112__0140__r0.wav,dog_bark
dog_bark__fsd50k__dev__236113__0141__r0.wav,dog_bark
dog_bark__fsd50k__dev__236116__0142__r0.wav,dog_bark
dog_bark__fsd50k__dev__236117__0143__r0.wav,dog_bark
dog_bark__fsd50k__dev__236118__0144__r0.wav,dog_bark
dog_bark__fsd50k__dev__236119__0145__r0.wav,dog_bark
dog_bark__fsd50k__dev__236120__0146__r0.wav,dog_bark
dog_bark__fsd50k__dev__236121__0147__r0.wav,dog_bark
dog_bark__fsd50k__dev__236123__0148__r0.wav,dog_bark
dog_bark__fsd50k__dev__236124__0149__r0.wav,dog_bark
dog_bark__fsd50k__dev__236125__0150__r0.wav,dog_bark
dog_bark__fsd50k__dev__236126__0151__r0.wav,dog_bark
dog_bark__fsd50k__dev__236127__0152__r0.wav,dog_bark
dog_bark__fsd50k__dev__236128__0153__r0.wav,dog_bark
dog_bark__fsd50k__dev__236129__0154__r0.wav,dog_bark
dog_bark__fsd50k__dev__236130__0155__r0.wav,dog_bark
dog_bark__fsd50k__dev__236131__0156__r0.wav,dog_bark
dog_bark__fsd50k__dev__236132__0157__r0.wav,dog_bark
dog_bark__fsd50k__dev__236134__0158__r0.wav,dog_bark
dog_bark__fsd50k__dev__236135__0159__r0.wav,dog_bark
dog_bark__fsd50k__dev__236136__0160__r0.wav,dog_bark
dog_bark__fsd50k__dev__236137__0161__r0.wav,dog_bark
dog_bark__fsd50k__dev__236138__0162__r0.wav,dog_bark
dog_bark__fsd50k__dev__236139__0163__r0.wav,dog_bark
dog_bark__fsd50k__dev__236140__0164__r0.wav,dog_bark
dog_bark__fsd50k__dev__236141__0165__r0.wav,dog_bark
dog_bark__fsd50k__dev__236142__0166__r0.wav,dog_bark
dog_bark__fsd50k__dev__236144__0167__r0.wav,dog_bark
dog_bark__fsd50k__dev__236145__0168__r0.wav,dog_bark
dog_bark__fsd50k__dev__236146__0169__r0.wav,dog_bark
dog_bark__fsd50k__dev__236147__0170__r0.wav,dog_bark
dog_bark__fsd50k__dev__236148__0171__r0.wav,dog_bark
dog_bark__fsd50k__dev__236149__0172__r0.wav,dog_bark
dog_bark__fsd50k__dev__236150__0173__r0.wav,dog_bark
dog_bark__fsd50k__dev__236151__0174__r0.wav,dog_bark
dog_bark__fsd50k__dev__236153__0175__r0.wav,dog_bark
dog_bark__fsd50k__dev__236154__0176__r0.wav,dog_bark
dog_bark__fsd50k__dev__236155__0177__r0.wav,dog_bark
dog_bark__fsd50k__dev__236156__0178__r0.wav,dog_bark
dog_bark__fsd50k__dev__236157__0179__r0.wav,dog_bark
dog_bark__fsd50k__dev__236158__0180__r0.wav,dog_bark
dog_bark__fsd50k__dev__236159__0181__r0.wav,dog_bark
dog_bark__fsd50k__dev__236162__0182__r0.wav,dog_bark
dog_bark__fsd50k__dev__236163__0183__r0.wav,dog_bark
dog_bark__fsd50k__dev__236164__0184__r0.wav,dog_bark
dog_bark__fsd50k__dev__236165__0185__r0.wav,dog_bark
dog_bark__fsd50k__dev__236166__0186__r0.wav,dog_bark
dog_bark__fsd50k__dev__236167__0187__r0.wav,dog_bark
dog_bark__fsd50k__dev__236169__0188__r0.wav,dog_bark
dog_bark__fsd50k__dev__236170__0189__r0.wav,dog_bark
dog_bark__fsd50k__dev__236171__0190__r0.wav,dog_bark
dog_bark__fsd50k__dev__236172__0191__r0.wav,dog_bark
glass_breaking__esc50__fold_1__20133__0000__r0.wav,glass_breaking
glass_breaking__esc50__fold_1__84536__0001__r0.wav,glass_breaking
glass_breaking__esc50__fold_1__84704__0002__r0.wav,glass_breaking
glass_breaking__esc50__fold_1__84705__0003__r0.wav,glass_breaking
glass_breaking__esc50__fold_1__85168__0004__r0.wav,glass_breaking
glass_breaking__esc50__fold_1__85184__0005__r0.wav,glass_breaking
glass_breaking__esc50__fold_1__88807__0006__r0.wav,glass_breaking
glass_breaking__esc50__fold_1__977__0007__r0.wav,glass_breaking
glass_breaking__esc50__fold_2__106881__0008__r0.wav,glass_breaking
glass_breaking__esc50__fold_2__112213__0009__r0.wav,glass_breaking
glass_breaking__esc50__fold_2__112213__0010__r0.wav,glass_breaking
glass_breaking__esc50__fold_2__141563__0011__r0.wav,glass_breaking
glass_breaking__esc50__fold_2__173559__0012__r0.wav,glass_breaking
glass_breaking__esc50__fold_2__173607__0013__r0.wav,glass_breaking
glass_breaking__esc50__fold_2__173618__0014__r0.wav,glass_breaking
glass_breaking__esc50__fold_2__250710__0015__r0.wav,glass_breaking
glass_breaking__esc50__fold_3__203371__0016__r0.wav,glass_breaking
glass_breaking__esc50__fold_3__203373__0017__r0.wav,glass_breaking
glass_breaking__esc50__fold_3__203374__0018__r0.wav,glass_breaking
glass_breaking__esc50__fold_3__203375__0019__r0.wav,glass_breaking
glass_breaking__esc50__fold_3__203377__0020__r0.wav,glass_breaking
glass_breaking__esc50__fold_3__216280__0021__r0.wav,glass_breaking
glass_breaking__esc50__fold_3__216281__0022__r0.wav,glass_breaking
glass_breaking__esc50__fold_3__216284__0023__r0.wav,glass_breaking
glass_breaking__fsd50k__dev__118198__0069__r0.wav,glass_breaking
glass_breaking__fsd50k__dev__124030__0122__r0.wav,glass_breaking
glass_breaking__fsd50k__dev__126877__0029__r0.wav,glass_breaking
glass_breaking__fsd50k__dev__126878__0075__r0.wav,glass_breaking
glass_breaking__fsd50k__dev__145558__0039__r0.wav,glass_breaking
glass_breaking__fsd50k__dev__145559__0117__r0.wav,glass_breaking
glass_breaking__fsd50k__dev__145562__0083__r0.wav,glass_breaking
glass_breaking__fsd50k__dev__145563__0142__r0.wav,glass_breaking
glass_breaking__fsd50k__dev__148073__0041__r0.wav,glass_breaking
glass_breaking__fsd50k__dev__148074__0118__r0.wav,glass_breaking
glass_breaking__fsd50k__dev__148075__0143__r0.wav,glass_breaking
glass_breaking__fsd50k__dev__156578__0053__r0.wav,glass_breaking
glass_breaking__fsd50k__dev__158142__0164__r0.wav,glass_breaking
glass_breaking__fsd50k__dev__160759__0101__r0.wav,glass_breaking
glass_breaking__fsd50k__dev__164329__0028__r0.wav,glass_breaking
glass_breaking__fsd50k__dev__164332__0159__r0.wav,glass_breaking
glass_breaking__fsd50k__dev__164539__0110__r0.wav,glass_breaking
glass_breaking__fsd50k__dev__164540__0176__r0.wav,glass_breaking
glass_breaking__fsd50k__dev__164541__0136__r0.wav,glass_breaking
glass_breaking__fsd50k__dev__164542__0074__r0.wav,glass_breaking
glass_breaking__fsd50k__dev__173576__0066__r0.wav,glass_breaking
glass_breaking__fsd50k__dev__173581__0105__r0.wav,glass_breaking
glass_breaking__fsd50k__dev__173601__0188__r0.wav,glass_breaking
glass_breaking__fsd50k__dev__173614__0171__r0.wav,glass_breaking
glass_breaking__fsd50k__dev__173621__0131__r0.wav,glass_breaking
glass_breaking__fsd50k__dev__173622__0154__r0.wav,glass_breaking
glass_breaking__fsd50k__dev__174747__0031__r0.wav,glass_breaking
glass_breaking__fsd50k__dev__174750__0076__r0.wav,glass_breaking
glass_breaking__fsd50k__dev__179228__0120__r0.wav,glass_breaking
glass_breaking__fsd50k__dev__179231__0163__r0.wav,glass_breaking
glass_breaking__fsd50k__dev__179234__0145__r0.wav,glass_breaking
glass_breaking__fsd50k__dev__179235__0087__r0.wav,glass_breaking
glass_breaking__fsd50k__dev__179240__0180__r0.wav,glass_breaking
glass_breaking__fsd50k__dev__179251__0043__r0.wav,glass_breaking
glass_breaking__fsd50k__dev__194682__0086__r0.wav,glass_breaking
glass_breaking__fsd50k__dev__194683__0119__r0.wav,glass_breaking
glass_breaking__fsd50k__dev__194684__0144__r0.wav,glass_breaking
glass_breaking__fsd50k__dev__194685__0042__r0.wav,glass_breaking
glass_breaking__fsd50k__dev__195624__0030__r0.wav,glass_breaking
glass_breaking__fsd50k__dev__203368__0162__r0.wav,glass_breaking
glass_breaking__fsd50k__dev__203369__0179__r0.wav,glass_breaking
glass_breaking__fsd50k__dev__203370__0114__r0.wav,glass_breaking
glass_breaking__fsd50k__dev__203372__0140__r0.wav,glass_breaking
glass_breaking__fsd50k__dev__203373__0035__r0.wav,glass_breaking
glass_breaking__fsd50k__dev__203374__0080__r0.wav,glass_breaking
glass_breaking__fsd50k__dev__204116__0189__r0.wav,glass_breaking
glass_breaking__fsd50k__dev__204133__0132__r0.wav,glass_breaking
glass_breaking__fsd50k__dev__204134__0172__r0.wav,glass_breaking
glass_breaking__fsd50k__dev__204144__0106__r0.wav,glass_breaking
glass_breaking__fsd50k__dev__204694__0070__r0.wav,glass_breaking
glass_breaking__fsd50k__dev__204698__0155__r0.wav,glass_breaking
glass_breaking__fsd50k__dev__213158__0126__r0.wav,glass_breaking
glass_breaking__fsd50k__dev__213160__0184__r0.wav,glass_breaking
glass_breaking__fsd50k__dev__213161__0093__r0.wav,glass_breaking
glass_breaking__fsd50k__dev__213162__0051__r0.wav,glass_breaking
glass_breaking__fsd50k__dev__213163__0149__r0.wav,glass_breaking
glass_breaking__fsd50k__dev__213166__0167__r0.wav,glass_breaking
glass_breaking__fsd50k__dev__214336__0046__r0.wav,glass_breaking
glass_breaking__fsd50k__dev__216280__0128__r0.wav,glass_breaking
glass_breaking__fsd50k__dev__216281__0168__r0.wav,glass_breaking
glass_breaking__fsd50k__dev__216288__0185__r0.wav,glass_breaking
glass_breaking__fsd50k__dev__216294__0058__r0.wav,glass_breaking
glass_breaking__fsd50k__dev__216296__0151__r0.wav,glass_breaking
glass_breaking__fsd50k__dev__216299__0099__r0.wav,glass_breaking
glass_breaking__fsd50k__dev__216748__0068__r0.wav,glass_breaking
glass_breaking__fsd50k__dev__219837__0121__r0.wav,glass_breaking
glass_breaking__fsd50k__dev__219842__0146__r0.wav,glass_breaking
glass_breaking__fsd50k__dev__219843__0045__r0.wav,glass_breaking
glass_breaking__fsd50k__dev__219845__0088__r0.wav,glass_breaking
glass_breaking__fsd50k__dev__219940__0181__r0.wav,glass_breaking
glass_breaking__fsd50k__dev__221528__0032__r0.wav,glass_breaking
glass_breaking__fsd50k__dev__221531__0077__r0.wav,glass_breaking
glass_breaking__fsd50k__dev__221532__0111__r0.wav,glass_breaking
glass_breaking__fsd50k__dev__221533__0137__r0.wav,glass_breaking
glass_breaking__fsd50k__dev__233605__0125__r0.wav,glass_breaking
glass_breaking__fsd50k__dev__233606__0050__r0.wav,glass_breaking
glass_breaking__fsd50k__dev__233607__0092__r0.wav,glass_breaking
glass_breaking__fsd50k__dev__245167__0054__r0.wav,glass_breaking
glass_breaking__fsd50k__dev__246273__0095__r0.wav,glass_breaking
glass_breaking__fsd50k__dev__250709__0052__r0.wav,glass_breaking
glass_breaking__fsd50k__dev__250710__0094__r0.wav,glass_breaking
glass_breaking__fsd50k__dev__254721__0186__r0.wav,glass_breaking
glass_breaking__fsd50k__dev__254993__0129__r0.wav,glass_breaking
glass_breaking__fsd50k__dev__255114__0059__r0.wav,glass_breaking
glass_breaking__fsd50k__dev__256993__0152__r0.wav,glass_breaking
glass_breaking__fsd50k__dev__257496__0169__r0.wav,glass_breaking
glass_breaking__fsd50k__dev__257791__0100__r0.wav,glass_breaking
glass_breaking__fsd50k__dev__270515__0175__r0.wav,glass_breaking
glass_breaking__fsd50k__dev__270518__0135__r0.wav,glass_breaking
glass_breaking__fsd50k__dev__270816__0109__r0.wav,glass_breaking
glass_breaking__fsd50k__dev__278152__0061__r0.wav,glass_breaking
glass_breaking__fsd50k__dev__30368__0037__r0.wav,glass_breaking
glass_breaking__fsd50k__dev__321139__0044__r0.wav,glass_breaking
glass_breaking__fsd50k__dev__322602__0116__r0.wav,glass_breaking
glass_breaking__fsd50k__dev__322603__0038__r0.wav,glass_breaking
glass_breaking__fsd50k__dev__323077__0062__r0.wav,glass_breaking
glass_breaking__fsd50k__dev__324645__0027__r0.wav,glass_breaking
glass_breaking__fsd50k__dev__344265__0048__r0.wav,glass_breaking
glass_breaking__fsd50k__dev__344266__0182__r0.wav,glass_breaking
glass_breaking__fsd50k__dev__344267__0147__r0.wav,glass_breaking
glass_breaking__fsd50k__dev__344268__0123__r0.wav,glass_breaking
glass_breaking__fsd50k__dev__344269__0165__r0.wav,glass_breaking
glass_breaking__fsd50k__dev__344270__0090__r0.wav,glass_breaking
glass_breaking__fsd50k__dev__347496__0158__r0.wav,glass_breaking
glass_breaking__fsd50k__dev__349240__0082__r0.wav,glass_breaking
glass_breaking__fsd50k__dev__349905__0025__r0.wav,glass_breaking
glass_breaking__fsd50k__dev__362238__0073__r0.wav,glass_breaking
glass_breaking__fsd50k__dev__367770__0026__r0.wav,glass_breaking
glass_breaking__fsd50k__dev__368328__0187__r0.wav,glass_breaking
glass_breaking__fsd50k__dev__368337__0170__r0.wav,glass_breaking
glass_breaking__fsd50k__dev__368342__0104__r0.wav,glass_breaking
glass_breaking__fsd50k__dev__368345__0153__r0.wav,glass_breaking
glass_breaking__fsd50k__dev__368350__0130__r0.wav,glass_breaking
glass_breaking__fsd50k__dev__368354__0065__r0.wav,glass_breaking
glass_breaking__fsd50k__dev__368905__0084__r0.wav,glass_breaking
glass_breaking__fsd50k__dev__368944__0040__r0.wav,glass_breaking
glass_breaking__fsd50k__dev__378285__0063__r0.wav,glass_breaking
glass_breaking__fsd50k__dev__378289__0102__r0.wav,glass_breaking
glass_breaking__fsd50k__dev__383978__0036__r0.wav,glass_breaking
glass_breaking__fsd50k__dev__383988__0141__r0.wav,glass_breaking
glass_breaking__fsd50k__dev__387349__0060__r0.wav,glass_breaking
glass_breaking__fsd50k__dev__389793__0098__r0.wav,glass_breaking
glass_breaking__fsd50k__dev__389804__0057__r0.wav,glass_breaking
glass_breaking__fsd50k__dev__390705__0157__r0.wav,glass_breaking
glass_breaking__fsd50k__dev__390707__0191__r0.wav,glass_breaking
glass_breaking__fsd50k__dev__390708__0108__r0.wav,glass_breaking
glass_breaking__fsd50k__dev__390721__0072__r0.wav,glass_breaking
glass_breaking__fsd50k__dev__390722__0174__r0.wav,glass_breaking
glass_breaking__fsd50k__dev__390723__0134__r0.wav,glass_breaking
glass_breaking__fsd50k__dev__406256__0115__r0.wav,glass_breaking
glass_breaking__fsd50k__dev__406257__0081__r0.wav,glass_breaking
glass_breaking__fsd50k__dev__42900__0161__r0.wav,glass_breaking
glass_breaking__fsd50k__dev__42901__0034__r0.wav,glass_breaking
glass_breaking__fsd50k__dev__42902__0178__r0.wav,glass_breaking
glass_breaking__fsd50k__dev__42904__0139__r0.wav,glass_breaking
glass_breaking__fsd50k__dev__42906__0079__r0.wav,glass_breaking
glass_breaking__fsd50k__dev__42907__0113__r0.wav,glass_breaking
glass_breaking__fsd50k__dev__434439__0173__r0.wav,glass_breaking
glass_breaking__fsd50k__dev__434440__0133__r0.wav,glass_breaking
glass_breaking__fsd50k__dev__434441__0024__r0.wav,glass_breaking
glass_breaking__fsd50k__dev__434443__0190__r0.wav,glass_breaking
glass_breaking__fsd50k__dev__434444__0071__r0.wav,glass_breaking
glass_breaking__fsd50k__dev__434446__0107__r0.wav,glass_breaking
glass_breaking__fsd50k__dev__434451__0156__r0.wav,glass_breaking
glass_breaking__fsd50k__dev__65902__0056__r0.wav,glass_breaking
glass_breaking__fsd50k__dev__65918__0097__r0.wav,glass_breaking
glass_breaking__fsd50k__dev__66519__0064__r0.wav,glass_breaking
glass_breaking__fsd50k__dev__66520__0103__r0.wav,glass_breaking
glass_breaking__fsd50k__dev__68654__0067__r0.wav,glass_breaking
glass_breaking__fsd50k__dev__71897__0183__r0.wav,glass_breaking
glass_breaking__fsd50k__dev__71947__0124__r0.wav,glass_breaking
glass_breaking__fsd50k__dev__84704__0148__r0.wav,glass_breaking
glass_breaking__fsd50k__dev__85107__0091__r0.wav,glass_breaking
glass_breaking__fsd50k__dev__85168__0166__r0.wav,glass_breaking
glass_breaking__fsd50k__dev__85184__0049__r0.wav,glass_breaking
glass_breaking__fsd50k__dev__88926__0177__r0.wav,glass_breaking
glass_breaking__fsd50k__dev__88931__0112__r0.wav,glass_breaking
glass_breaking__fsd50k__dev__88933__0160__r0.wav,glass_breaking
glass_breaking__fsd50k__dev__88937__0033__r0.wav,glass_breaking
glass_breaking__fsd50k__dev__88950__0138__r0.wav,glass_breaking
glass_breaking__fsd50k__dev__89903__0078__r0.wav,glass_breaking
glass_breaking__fsd50k__dev__92642__0150__r0.wav,glass_breaking
glass_breaking__fsd50k__dev__92643__0096__r0.wav,glass_breaking
glass_breaking__fsd50k__dev__92644__0127__r0.wav,glass_breaking
glass_breaking__fsd50k__dev__93299__0089__r0.wav,glass_breaking
glass_breaking__fsd50k__dev__93449__0047__r0.wav,glass_breaking
glass_breaking__fsd50k__dev__93964__0055__r0.wav,glass_breaking
glass_breaking__fsd50k__dev__95078__0085__r0.wav,glass_breaking
gunshot_gunfire__fsd50k__dev__100144__0000__r0.wav,gunshot_gunfire
gunshot_gunfire__fsd50k__dev__101961__0001__r0.wav,gunshot_gunfire
gunshot_gunfire__fsd50k__dev__101962__0002__r0.wav,gunshot_gunfire
gunshot_gunfire__fsd50k__dev__103626__0003__r0.wav,gunshot_gunfire
gunshot_gunfire__fsd50k__dev__108043__0004__r0.wav,gunshot_gunfire
gunshot_gunfire__fsd50k__dev__108044__0005__r0.wav,gunshot_gunfire
gunshot_gunfire__fsd50k__dev__108045__0006__r0.wav,gunshot_gunfire
gunshot_gunfire__fsd50k__dev__108046__0007__r0.wav,gunshot_gunfire
gunshot_gunfire__fsd50k__dev__108047__0008__r0.wav,gunshot_gunfire
gunshot_gunfire__fsd50k__dev__118450__0009__r0.wav,gunshot_gunfire
gunshot_gunfire__fsd50k__dev__127846__0010__r0.wav,gunshot_gunfire
gunshot_gunfire__fsd50k__dev__128293__0011__r0.wav,gunshot_gunfire
gunshot_gunfire__fsd50k__dev__128294__0012__r0.wav,gunshot_gunfire
gunshot_gunfire__fsd50k__dev__128296__0013__r0.wav,gunshot_gunfire
gunshot_gunfire__fsd50k__dev__128297__0014__r0.wav,gunshot_gunfire
gunshot_gunfire__fsd50k__dev__128298__0015__r0.wav,gunshot_gunfire
gunshot_gunfire__fsd50k__dev__128299__0016__r0.wav,gunshot_gunfire
gunshot_gunfire__fsd50k__dev__128301__0017__r0.wav,gunshot_gunfire
gunshot_gunfire__fsd50k__dev__132551__0018__r0.wav,gunshot_gunfire
gunshot_gunfire__fsd50k__dev__136766__0019__r0.wav,gunshot_gunfire
gunshot_gunfire__fsd50k__dev__139028__0020__r0.wav,gunshot_gunfire
gunshot_gunfire__fsd50k__dev__145206__0021__r0.wav,gunshot_gunfire
gunshot_gunfire__fsd50k__dev__145580__0022__r0.wav,gunshot_gunfire
gunshot_gunfire__fsd50k__dev__145609__0023__r0.wav,gunshot_gunfire
gunshot_gunfire__fsd50k__dev__148828__0024__r0.wav,gunshot_gunfire
gunshot_gunfire__fsd50k__dev__148831__0025__r0.wav,gunshot_gunfire
gunshot_gunfire__fsd50k__dev__148832__0026__r0.wav,gunshot_gunfire
gunshot_gunfire__fsd50k__dev__148836__0027__r0.wav,gunshot_gunfire
gunshot_gunfire__fsd50k__dev__148837__0028__r0.wav,gunshot_gunfire
gunshot_gunfire__fsd50k__dev__148838__0029__r0.wav,gunshot_gunfire
gunshot_gunfire__fsd50k__dev__151065__0030__r0.wav,gunshot_gunfire
gunshot_gunfire__fsd50k__dev__151066__0031__r0.wav,gunshot_gunfire
gunshot_gunfire__fsd50k__dev__151069__0032__r0.wav,gunshot_gunfire
gunshot_gunfire__fsd50k__dev__151072__0033__r0.wav,gunshot_gunfire
gunshot_gunfire__fsd50k__dev__151075__0034__r0.wav,gunshot_gunfire
gunshot_gunfire__fsd50k__dev__157206__0035__r0.wav,gunshot_gunfire
gunshot_gunfire__fsd50k__dev__157207__0036__r0.wav,gunshot_gunfire
gunshot_gunfire__fsd50k__dev__157799__0037__r0.wav,gunshot_gunfire
gunshot_gunfire__fsd50k__dev__157800__0038__r0.wav,gunshot_gunfire
gunshot_gunfire__fsd50k__dev__157801__0039__r0.wav,gunshot_gunfire
gunshot_gunfire__fsd50k__dev__158977__0040__r0.wav,gunshot_gunfire
gunshot_gunfire__fsd50k__dev__158978__0041__r0.wav,gunshot_gunfire
gunshot_gunfire__fsd50k__dev__158979__0042__r0.wav,gunshot_gunfire
gunshot_gunfire__fsd50k__dev__159703__0043__r0.wav,gunshot_gunfire
gunshot_gunfire__fsd50k__dev__159704__0044__r0.wav,gunshot_gunfire
gunshot_gunfire__fsd50k__dev__159705__0045__r0.wav,gunshot_gunfire
gunshot_gunfire__fsd50k__dev__159706__0046__r0.wav,gunshot_gunfire
gunshot_gunfire__fsd50k__dev__159708__0047__r0.wav,gunshot_gunfire
gunshot_gunfire__fsd50k__dev__159710__0048__r0.wav,gunshot_gunfire
gunshot_gunfire__fsd50k__dev__160355__0049__r0.wav,gunshot_gunfire
gunshot_gunfire__fsd50k__dev__160772__0050__r0.wav,gunshot_gunfire
gunshot_gunfire__fsd50k__dev__160773__0051__r0.wav,gunshot_gunfire
gunshot_gunfire__fsd50k__dev__161968__0052__r0.wav,gunshot_gunfire
gunshot_gunfire__fsd50k__dev__161969__0053__r0.wav,gunshot_gunfire
gunshot_gunfire__fsd50k__dev__161970__0054__r0.wav,gunshot_gunfire
gunshot_gunfire__fsd50k__dev__162258__0055__r0.wav,gunshot_gunfire
gunshot_gunfire__fsd50k__dev__162262__0056__r0.wav,gunshot_gunfire
gunshot_gunfire__fsd50k__dev__162263__0057__r0.wav,gunshot_gunfire
gunshot_gunfire__fsd50k__dev__162397__0058__r0.wav,gunshot_gunfire
gunshot_gunfire__fsd50k__dev__162398__0059__r0.wav,gunshot_gunfire
gunshot_gunfire__fsd50k__dev__162403__0060__r0.wav,gunshot_gunfire
gunshot_gunfire__fsd50k__dev__162431__0061__r0.wav,gunshot_gunfire
gunshot_gunfire__fsd50k__dev__162434__0062__r0.wav,gunshot_gunfire
gunshot_gunfire__fsd50k__dev__162436__0063__r0.wav,gunshot_gunfire
gunshot_gunfire__fsd50k__dev__163455__0064__r0.wav,gunshot_gunfire
gunshot_gunfire__fsd50k__dev__163456__0065__r0.wav,gunshot_gunfire
gunshot_gunfire__fsd50k__dev__163460__0066__r0.wav,gunshot_gunfire
gunshot_gunfire__fsd50k__dev__164646__0067__r0.wav,gunshot_gunfire
gunshot_gunfire__fsd50k__dev__164666__0068__r0.wav,gunshot_gunfire
gunshot_gunfire__fsd50k__dev__164667__0069__r0.wav,gunshot_gunfire
gunshot_gunfire__fsd50k__dev__164937__0070__r0.wav,gunshot_gunfire
gunshot_gunfire__fsd50k__dev__165391__0071__r0.wav,gunshot_gunfire
gunshot_gunfire__fsd50k__dev__165393__0072__r0.wav,gunshot_gunfire
gunshot_gunfire__fsd50k__dev__165394__0073__r0.wav,gunshot_gunfire
gunshot_gunfire__fsd50k__dev__165478__0074__r0.wav,gunshot_gunfire
gunshot_gunfire__fsd50k__dev__165540__0075__r0.wav,gunshot_gunfire
gunshot_gunfire__fsd50k__dev__166076__0076__r0.wav,gunshot_gunfire
gunshot_gunfire__fsd50k__dev__166192__0077__r0.wav,gunshot_gunfire
gunshot_gunfire__fsd50k__dev__171475__0078__r0.wav,gunshot_gunfire
gunshot_gunfire__fsd50k__dev__178180__0079__r0.wav,gunshot_gunfire
gunshot_gunfire__fsd50k__dev__182051__0080__r0.wav,gunshot_gunfire
gunshot_gunfire__fsd50k__dev__182429__0081__r0.wav,gunshot_gunfire
gunshot_gunfire__fsd50k__dev__182431__0082__r0.wav,gunshot_gunfire
gunshot_gunfire__fsd50k__dev__182435__0083__r0.wav,gunshot_gunfire
gunshot_gunfire__fsd50k__dev__182790__0084__r0.wav,gunshot_gunfire
gunshot_gunfire__fsd50k__dev__182806__0085__r0.wav,gunshot_gunfire
gunshot_gunfire__fsd50k__dev__184275__0086__r0.wav,gunshot_gunfire
gunshot_gunfire__fsd50k__dev__184418__0087__r0.wav,gunshot_gunfire
gunshot_gunfire__fsd50k__dev__187702__0088__r0.wav,gunshot_gunfire
gunshot_gunfire__fsd50k__dev__187767__0089__r0.wav,gunshot_gunfire
gunshot_gunfire__fsd50k__dev__191449__0090__r0.wav,gunshot_gunfire
gunshot_gunfire__fsd50k__dev__198121__0091__r0.wav,gunshot_gunfire
gunshot_gunfire__fsd50k__dev__201713__0092__r0.wav,gunshot_gunfire
gunshot_gunfire__fsd50k__dev__204009__0093__r0.wav,gunshot_gunfire
gunshot_gunfire__fsd50k__dev__204010__0094__r0.wav,gunshot_gunfire
gunshot_gunfire__fsd50k__dev__205011__0095__r0.wav,gunshot_gunfire
gunshot_gunfire__fsd50k__dev__212594__0096__r0.wav,gunshot_gunfire
gunshot_gunfire__fsd50k__dev__215842__0097__r0.wav,gunshot_gunfire
gunshot_gunfire__fsd50k__dev__215843__0098__r0.wav,gunshot_gunfire
gunshot_gunfire__fsd50k__dev__215845__0099__r0.wav,gunshot_gunfire
gunshot_gunfire__fsd50k__dev__215846__0100__r0.wav,gunshot_gunfire
gunshot_gunfire__fsd50k__dev__215847__0101__r0.wav,gunshot_gunfire
gunshot_gunfire__fsd50k__dev__216312__0102__r0.wav,gunshot_gunfire
gunshot_gunfire__fsd50k__dev__216315__0103__r0.wav,gunshot_gunfire
gunshot_gunfire__fsd50k__dev__216317__0104__r0.wav,gunshot_gunfire
gunshot_gunfire__fsd50k__dev__216318__0105__r0.wav,gunshot_gunfire
gunshot_gunfire__fsd50k__dev__216319__0106__r0.wav,gunshot_gunfire
gunshot_gunfire__fsd50k__dev__216604__0107__r0.wav,gunshot_gunfire
gunshot_gunfire__fsd50k__dev__219455__0108__r0.wav,gunshot_gunfire
gunshot_gunfire__fsd50k__dev__219457__0109__r0.wav,gunshot_gunfire
gunshot_gunfire__fsd50k__dev__220130__0110__r0.wav,gunshot_gunfire
gunshot_gunfire__fsd50k__dev__221451__0111__r0.wav,gunshot_gunfire
gunshot_gunfire__fsd50k__dev__221455__0112__r0.wav,gunshot_gunfire
gunshot_gunfire__fsd50k__dev__221457__0113__r0.wav,gunshot_gunfire
gunshot_gunfire__fsd50k__dev__228611__0114__r0.wav,gunshot_gunfire
gunshot_gunfire__fsd50k__dev__231245__0115__r0.wav,gunshot_gunfire
gunshot_gunfire__fsd50k__dev__231247__0116__r0.wav,gunshot_gunfire
gunshot_gunfire__fsd50k__dev__231248__0117__r0.wav,gunshot_gunfire
gunshot_gunfire__fsd50k__dev__231765__0118__r0.wav,gunshot_gunfire
gunshot_gunfire__fsd50k__dev__233318__0119__r0.wav,gunshot_gunfire
gunshot_gunfire__fsd50k__dev__233321__0120__r0.wav,gunshot_gunfire
gunshot_gunfire__fsd50k__dev__233322__0121__r0.wav,gunshot_gunfire
gunshot_gunfire__fsd50k__dev__233323__0122__r0.wav,gunshot_gunfire
gunshot_gunfire__fsd50k__dev__234615__0123__r0.wav,gunshot_gunfire
gunshot_gunfire__fsd50k__dev__234616__0124__r0.wav,gunshot_gunfire
gunshot_gunfire__fsd50k__dev__234617__0125__r0.wav,gunshot_gunfire
gunshot_gunfire__fsd50k__dev__234618__0126__r0.wav,gunshot_gunfire
gunshot_gunfire__fsd50k__dev__234619__0127__r0.wav,gunshot_gunfire
gunshot_gunfire__fsd50k__dev__237273__0128__r0.wav,gunshot_gunfire
gunshot_gunfire__fsd50k__dev__238241__0129__r0.wav,gunshot_gunfire
gunshot_gunfire__fsd50k__dev__238242__0130__r0.wav,gunshot_gunfire
gunshot_gunfire__fsd50k__dev__238243__0131__r0.wav,gunshot_gunfire
gunshot_gunfire__fsd50k__dev__238244__0132__r0.wav,gunshot_gunfire
gunshot_gunfire__fsd50k__dev__238245__0133__r0.wav,gunshot_gunfire
gunshot_gunfire__fsd50k__dev__238246__0134__r0.wav,gunshot_gunfire
gunshot_gunfire__fsd50k__dev__238247__0135__r0.wav,gunshot_gunfire
gunshot_gunfire__fsd50k__dev__238675__0136__r0.wav,gunshot_gunfire
gunshot_gunfire__fsd50k__dev__238676__0137__r0.wav,gunshot_gunfire
gunshot_gunfire__fsd50k__dev__238677__0138__r0.wav,gunshot_gunfire
gunshot_gunfire__fsd50k__dev__239137__0139__r0.wav,gunshot_gunfire
gunshot_gunfire__fsd50k__dev__239138__0140__r0.wav,gunshot_gunfire
gunshot_gunfire__fsd50k__dev__245602__0141__r0.wav,gunshot_gunfire
gunshot_gunfire__fsd50k__dev__25037__0142__r0.wav,gunshot_gunfire
gunshot_gunfire__fsd50k__dev__25038__0143__r0.wav,gunshot_gunfire
gunshot_gunfire__fsd50k__dev__251004__0144__r0.wav,gunshot_gunfire
gunshot_gunfire__fsd50k__dev__253438__0145__r0.wav,gunshot_gunfire
gunshot_gunfire__fsd50k__dev__253734__0146__r0.wav,gunshot_gunfire
gunshot_gunfire__fsd50k__dev__254772__0147__r0.wav,gunshot_gunfire
gunshot_gunfire__fsd50k__dev__255272__0148__r0.wav,gunshot_gunfire
gunshot_gunfire__fsd50k__dev__257364__0149__r0.wav,gunshot_gunfire
gunshot_gunfire__fsd50k__dev__257873__0150__r0.wav,gunshot_gunfire
gunshot_gunfire__fsd50k__dev__257874__0151__r0.wav,gunshot_gunfire
gunshot_gunfire__fsd50k__dev__257875__0152__r0.wav,gunshot_gunfire
gunshot_gunfire__fsd50k__dev__257876__0153__r0.wav,gunshot_gunfire
gunshot_gunfire__fsd50k__dev__259539__0154__r0.wav,gunshot_gunfire
gunshot_gunfire__fsd50k__dev__26141__0155__r0.wav,gunshot_gunfire
gunshot_gunfire__fsd50k__dev__266977__0156__r0.wav,gunshot_gunfire
gunshot_gunfire__fsd50k__dev__267341__0157__r0.wav,gunshot_gunfire
gunshot_gunfire__fsd50k__dev__267893__0158__r0.wav,gunshot_gunfire
gunshot_gunfire__fsd50k__dev__30185__0159__r0.wav,gunshot_gunfire
gunshot_gunfire__fsd50k__dev__315858__0160__r0.wav,gunshot_gunfire
gunshot_gunfire__fsd50k__dev__319008__0161__r0.wav,gunshot_gunfire
gunshot_gunfire__fsd50k__dev__319009__0162__r0.wav,gunshot_gunfire
gunshot_gunfire__fsd50k__dev__319010__0163__r0.wav,gunshot_gunfire
gunshot_gunfire__fsd50k__dev__320135__0164__r0.wav,gunshot_gunfire
gunshot_gunfire__fsd50k__dev__320136__0165__r0.wav,gunshot_gunfire
gunshot_gunfire__fsd50k__dev__324585__0166__r0.wav,gunshot_gunfire
gunshot_gunfire__fsd50k__dev__32799__0167__r0.wav,gunshot_gunfire
gunshot_gunfire__fsd50k__dev__32841__0168__r0.wav,gunshot_gunfire
gunshot_gunfire__fsd50k__dev__32842__0169__r0.wav,gunshot_gunfire
gunshot_gunfire__fsd50k__dev__332479__0170__r0.wav,gunshot_gunfire
gunshot_gunfire__fsd50k__dev__337166__0171__r0.wav,gunshot_gunfire
gunshot_gunfire__fsd50k__dev__346537__0172__r0.wav,gunshot_gunfire
gunshot_gunfire__fsd50k__dev__346904__0173__r0.wav,gunshot_gunfire
gunshot_gunfire__fsd50k__dev__346905__0174__r0.wav,gunshot_gunfire
gunshot_gunfire__fsd50k__dev__34708__0175__r0.wav,gunshot_gunfire
gunshot_gunfire__fsd50k__dev__348663__0176__r0.wav,gunshot_gunfire
gunshot_gunfire__fsd50k__dev__348664__0177__r0.wav,gunshot_gunfire
gunshot_gunfire__fsd50k__dev__348665__0178__r0.wav,gunshot_gunfire
gunshot_gunfire__fsd50k__dev__348666__0179__r0.wav,gunshot_gunfire
gunshot_gunfire__fsd50k__dev__348670__0180__r0.wav,gunshot_gunfire
gunshot_gunfire__fsd50k__dev__348671__0181__r0.wav,gunshot_gunfire
gunshot_gunfire__fsd50k__dev__348685__0182__r0.wav,gunshot_gunfire
gunshot_gunfire__fsd50k__dev__349217__0183__r0.wav,gunshot_gunfire
gunshot_gunfire__fsd50k__dev__362471__0184__r0.wav,gunshot_gunfire
gunshot_gunfire__fsd50k__dev__362486__0185__r0.wav,gunshot_gunfire
gunshot_gunfire__fsd50k__dev__362487__0186__r0.wav,gunshot_gunfire
gunshot_gunfire__fsd50k__dev__364976__0187__r0.wav,gunshot_gunfire
gunshot_gunfire__fsd50k__dev__365905__0188__r0.wav,gunshot_gunfire
gunshot_gunfire__fsd50k__dev__369525__0189__r0.wav,gunshot_gunfire
gunshot_gunfire__fsd50k__dev__369530__0190__r0.wav,gunshot_gunfire
gunshot_gunfire__fsd50k__dev__369781__0191__r0.wav,gunshot_gunfire
siren__esc50__fold_1__31482__0000__r0.wav,siren
siren__esc50__fold_1__31482__0001__r0.wav,siren
siren__esc50__fold_1__31482__0088__r1.wav,siren
siren__esc50__fold_1__31482__0089__r1.wav,siren
siren__esc50__fold_1__31482__0176__r2.wav,siren
siren__esc50__fold_1__31482__0177__r2.wav,siren
siren__esc50__fold_1__54084__0002__r0.wav,siren
siren__esc50__fold_1__54084__0090__r1.wav,siren
siren__esc50__fold_1__54084__0178__r2.wav,siren
siren__esc50__fold_1__76831__0003__r0.wav,siren
siren__esc50__fold_1__76831__0004__r0.wav,siren
siren__esc50__fold_1__76831__0005__r0.wav,siren
siren__esc50__fold_1__76831__0006__r0.wav,siren
siren__esc50__fold_1__76831__0007__r0.wav,siren
siren__esc50__fold_1__76831__0091__r1.wav,siren
siren__esc50__fold_1__76831__0092__r1.wav,siren
siren__esc50__fold_1__76831__0093__r1.wav,siren
siren__esc50__fold_1__76831__0094__r1.wav,siren
siren__esc50__fold_1__76831__0095__r1.wav,siren
siren__esc50__fold_1__76831__0179__r2.wav,siren
siren__esc50__fold_1__76831__0180__r2.wav,siren
siren__esc50__fold_1__76831__0181__r2.wav,siren
siren__esc50__fold_1__76831__0182__r2.wav,siren
siren__esc50__fold_1__76831__0183__r2.wav,siren
siren__esc50__fold_2__43802__0008__r0.wav,siren
siren__esc50__fold_2__43802__0096__r1.wav,siren
siren__esc50__fold_2__43802__0184__r2.wav,siren
siren__esc50__fold_2__43806__0009__r0.wav,siren
siren__esc50__fold_2__43806__0097__r1.wav,siren
siren__esc50__fold_2__43806__0185__r2.wav,siren
siren__esc50__fold_2__70052__0010__r0.wav,siren
siren__esc50__fold_2__70052__0011__r0.wav,siren
siren__esc50__fold_2__70052__0098__r1.wav,siren
siren__esc50__fold_2__70052__0099__r1.wav,siren
siren__esc50__fold_2__70052__0186__r2.wav,siren
siren__esc50__fold_2__70052__0187__r2.wav,siren
siren__esc50__fold_2__70936__0012__r0.wav,siren
siren__esc50__fold_2__70936__0100__r1.wav,siren
siren__esc50__fold_2__70936__0188__r2.wav,siren
siren__esc50__fold_2__70938__0013__r0.wav,siren
siren__esc50__fold_2__70938__0101__r1.wav,siren
siren__esc50__fold_2__70938__0189__r2.wav,siren
siren__esc50__fold_2__70939__0014__r0.wav,siren
siren__esc50__fold_2__70939__0102__r1.wav,siren
siren__esc50__fold_2__70939__0190__r2.wav,siren
siren__esc50__fold_2__72688__0015__r0.wav,siren
siren__esc50__fold_2__72688__0103__r1.wav,siren
siren__esc50__fold_2__72688__0191__r2.wav,siren
siren__esc50__fold_3__51376__0016__r0.wav,siren
siren__esc50__fold_3__51376__0104__r1.wav,siren
siren__esc50__fold_3__51731__0017__r0.wav,siren
siren__esc50__fold_3__51731__0018__r0.wav,siren
siren__esc50__fold_3__51731__0105__r1.wav,siren
siren__esc50__fold_3__51731__0106__r1.wav,siren
siren__esc50__fold_3__51909__0019__r0.wav,siren
siren__esc50__fold_3__51909__0020__r0.wav,siren
siren__esc50__fold_3__51909__0107__r1.wav,siren
siren__esc50__fold_3__51909__0108__r1.wav,siren
siren__esc50__fold_3__58772__0021__r0.wav,siren
siren__esc50__fold_3__58772__0109__r1.wav,siren
siren__esc50__fold_3__62878__0022__r0.wav,siren
siren__esc50__fold_3__62878__0023__r0.wav,siren
siren__esc50__fold_3__62878__0110__r1.wav,siren
siren__esc50__fold_3__62878__0111__r1.wav,siren
siren__fsd50k__dev__108192__0024__r0.wav,siren
siren__fsd50k__dev__108192__0112__r1.wav,siren
siren__fsd50k__dev__116664__0025__r0.wav,siren
siren__fsd50k__dev__116664__0113__r1.wav,siren
siren__fsd50k__dev__128459__0026__r0.wav,siren
siren__fsd50k__dev__128459__0114__r1.wav,siren
siren__fsd50k__dev__156868__0027__r0.wav,siren
siren__fsd50k__dev__156868__0115__r1.wav,siren
siren__fsd50k__dev__159743__0028__r0.wav,siren
siren__fsd50k__dev__159743__0116__r1.wav,siren
siren__fsd50k__dev__159745__0029__r0.wav,siren
siren__fsd50k__dev__159745__0117__r1.wav,siren
siren__fsd50k__dev__159750__0030__r0.wav,siren
siren__fsd50k__dev__159750__0118__r1.wav,siren
siren__fsd50k__dev__159753__0031__r0.wav,siren
siren__fsd50k__dev__159753__0119__r1.wav,siren
siren__fsd50k__dev__159754__0032__r0.wav,siren
siren__fsd50k__dev__159754__0120__r1.wav,siren
siren__fsd50k__dev__159755__0033__r0.wav,siren
siren__fsd50k__dev__159755__0121__r1.wav,siren
siren__fsd50k__dev__162719__0034__r0.wav,siren
siren__fsd50k__dev__162719__0122__r1.wav,siren
siren__fsd50k__dev__165166__0035__r0.wav,siren
siren__fsd50k__dev__165166__0123__r1.wav,siren
siren__fsd50k__dev__168258__0036__r0.wav,siren
siren__fsd50k__dev__168258__0124__r1.wav,siren
siren__fsd50k__dev__168621__0037__r0.wav,siren
siren__fsd50k__dev__168621__0125__r1.wav,siren
siren__fsd50k__dev__184623__0038__r0.wav,siren
siren__fsd50k__dev__184623__0126__r1.wav,siren
siren__fsd50k__dev__201611__0039__r0.wav,siren
siren__fsd50k__dev__201611__0127__r1.wav,siren
siren__fsd50k__dev__201945__0040__r0.wav,siren
siren__fsd50k__dev__201945__0128__r1.wav,siren
siren__fsd50k__dev__202418__0041__r0.wav,siren
siren__fsd50k__dev__202418__0129__r1.wav,siren
siren__fsd50k__dev__203720__0042__r0.wav,siren
siren__fsd50k__dev__203720__0130__r1.wav,siren
siren__fsd50k__dev__208652__0043__r0.wav,siren
siren__fsd50k__dev__208652__0131__r1.wav,siren
siren__fsd50k__dev__223824__0044__r0.wav,siren
siren__fsd50k__dev__223824__0132__r1.wav,siren
siren__fsd50k__dev__256469__0045__r0.wav,siren
siren__fsd50k__dev__256469__0133__r1.wav,siren
siren__fsd50k__dev__258169__0046__r0.wav,siren
siren__fsd50k__dev__258169__0134__r1.wav,siren
siren__fsd50k__dev__261589__0047__r0.wav,siren
siren__fsd50k__dev__261589__0135__r1.wav,siren
siren__fsd50k__dev__261593__0048__r0.wav,siren
siren__fsd50k__dev__261593__0136__r1.wav,siren
siren__fsd50k__dev__262278__0049__r0.wav,siren
siren__fsd50k__dev__262278__0137__r1.wav,siren
siren__fsd50k__dev__268809__0050__r0.wav,siren
siren__fsd50k__dev__268809__0138__r1.wav,siren
siren__fsd50k__dev__273750__0051__r0.wav,siren
siren__fsd50k__dev__273750__0139__r1.wav,siren
siren__fsd50k__dev__277508__0052__r0.wav,siren
siren__fsd50k__dev__277508__0140__r1.wav,siren
siren__fsd50k__dev__28426__0053__r0.wav,siren
siren__fsd50k__dev__28426__0141__r1.wav,siren
siren__fsd50k__dev__31482__0054__r0.wav,siren
siren__fsd50k__dev__31482__0142__r1.wav,siren
siren__fsd50k__dev__315758__0055__r0.wav,siren
siren__fsd50k__dev__315758__0143__r1.wav,siren
siren__fsd50k__dev__319751__0056__r0.wav,siren
siren__fsd50k__dev__319751__0144__r1.wav,siren
siren__fsd50k__dev__322205__0057__r0.wav,siren
siren__fsd50k__dev__322205__0145__r1.wav,siren
siren__fsd50k__dev__324579__0058__r0.wav,siren
siren__fsd50k__dev__324579__0146__r1.wav,siren
siren__fsd50k__dev__326074__0059__r0.wav,siren
siren__fsd50k__dev__326074__0147__r1.wav,siren
siren__fsd50k__dev__332918__0060__r0.wav,siren
siren__fsd50k__dev__332918__0148__r1.wav,siren
siren__fsd50k__dev__336894__0061__r0.wav,siren
siren__fsd50k__dev__336894__0149__r1.wav,siren
siren__fsd50k__dev__338973__0062__r0.wav,siren
siren__fsd50k__dev__338973__0150__r1.wav,siren
siren__fsd50k__dev__34280__0063__r0.wav,siren
siren__fsd50k__dev__34280__0151__r1.wav,siren
siren__fsd50k__dev__364911__0064__r0.wav,siren
siren__fsd50k__dev__364911__0152__r1.wav,siren
siren__fsd50k__dev__372251__0065__r0.wav,siren
siren__fsd50k__dev__372251__0153__r1.wav,siren
siren__fsd50k__dev__377125__0066__r0.wav,siren
siren__fsd50k__dev__377125__0154__r1.wav,siren
siren__fsd50k__dev__377126__0067__r0.wav,siren
siren__fsd50k__dev__377126__0155__r1.wav,siren
siren__fsd50k__dev__381957__0068__r0.wav,siren
siren__fsd50k__dev__381957__0156__r1.wav,siren
siren__fsd50k__dev__392801__0069__r0.wav,siren
siren__fsd50k__dev__392801__0157__r1.wav,siren
siren__fsd50k__dev__393662__0070__r0.wav,siren
siren__fsd50k__dev__393662__0158__r1.wav,siren
siren__fsd50k__dev__393665__0071__r0.wav,siren
siren__fsd50k__dev__393665__0159__r1.wav,siren
siren__fsd50k__dev__393666__0072__r0.wav,siren
siren__fsd50k__dev__393666__0160__r1.wav,siren
siren__fsd50k__dev__393667__0073__r0.wav,siren
siren__fsd50k__dev__393667__0161__r1.wav,siren
siren__fsd50k__dev__410825__0074__r0.wav,siren
siren__fsd50k__dev__410825__0162__r1.wav,siren
siren__fsd50k__dev__46092__0075__r0.wav,siren
siren__fsd50k__dev__46092__0163__r1.wav,siren
siren__fsd50k__dev__65152__0076__r0.wav,siren
siren__fsd50k__dev__65152__0164__r1.wav,siren
siren__fsd50k__dev__65929__0077__r0.wav,siren
siren__fsd50k__dev__65929__0165__r1.wav,siren
siren__fsd50k__dev__67358__0078__r0.wav,siren
siren__fsd50k__dev__67358__0166__r1.wav,siren
siren__fsd50k__dev__67359__0079__r0.wav,siren
siren__fsd50k__dev__67359__0167__r1.wav,siren
siren__fsd50k__dev__87393__0080__r0.wav,siren
siren__fsd50k__dev__87393__0168__r1.wav,siren
siren__fsd50k__dev__88121__0081__r0.wav,siren
siren__fsd50k__dev__88121__0169__r1.wav,siren
siren__fsd50k__dev__89682__0082__r0.wav,siren
siren__fsd50k__dev__89682__0170__r1.wav,siren
siren__fsd50k__dev__89683__0083__r0.wav,siren
siren__fsd50k__dev__89683__0171__r1.wav,siren
siren__fsd50k__dev__93639__0084__r0.wav,siren
siren__fsd50k__dev__93639__0172__r1.wav,siren
siren__fsd50k__dev__93643__0085__r0.wav,siren
siren__fsd50k__dev__93643__0173__r1.wav,siren
siren__fsd50k__dev__93676__0086__r0.wav,siren
siren__fsd50k__dev__93676__0174__r1.wav,siren
siren__fsd50k__dev__98536__0087__r0.wav,siren
siren__fsd50k__dev__98536__0175__r1.wav,siren
speech__fsd50k__train__speech__100935__0111.wav,speech
speech__fsd50k__train__speech__100966__0000.wav,speech
speech__fsd50k__train__speech__101313__0103.wav,speech
speech__fsd50k__train__speech__10186__0113.wav,speech
speech__fsd50k__train__speech__104030__0124.wav,speech
speech__fsd50k__train__speech__104863__0138.wav,speech
speech__fsd50k__train__speech__106468__0150.wav,speech
speech__fsd50k__train__speech__108310__0132.wav,speech
speech__fsd50k__train__speech__108314__0123.wav,speech
speech__fsd50k__train__speech__108875__0001.wav,speech
speech__fsd50k__train__speech__108894__0155.wav,speech
speech__fsd50k__train__speech__109871__0053.wav,speech
speech__fsd50k__train__speech__112270__0136.wav,speech
speech__fsd50k__train__speech__113238__0019.wav,speech
speech__fsd50k__train__speech__120653__0049.wav,speech
speech__fsd50k__train__speech__120662__0084.wav,speech
speech__fsd50k__train__speech__120671__0176.wav,speech
speech__fsd50k__train__speech__122901__0075.wav,speech
speech__fsd50k__train__speech__122903__0091.wav,speech
speech__fsd50k__train__speech__122905__0188.wav,speech
speech__fsd50k__train__speech__122910__0147.wav,speech
speech__fsd50k__train__speech__122912__0156.wav,speech
speech__fsd50k__train__speech__124805__0165.wav,speech
speech__fsd50k__train__speech__125130__0002.wav,speech
speech__fsd50k__train__speech__130707__0121.wav,speech
speech__fsd50k__train__speech__130709__0073.wav,speech
speech__fsd50k__train__speech__130717__0081.wav,speech
speech__fsd50k__train__speech__137917__0082.wav,speech
speech__fsd50k__train__speech__139046__0014.wav,speech
speech__fsd50k__train__speech__139049__0070.wav,speech
speech__fsd50k__train__speech__149919__0028.wav,speech
speech__fsd50k__train__speech__161370__0050.wav,speech
speech__fsd50k__train__speech__165236__0041.wav,speech
speech__fsd50k__train__speech__166619__0104.wav,speech
speech__fsd50k__train__speech__168305__0190.wav,speech
speech__fsd50k__train__speech__175233__0126.wav,speech
speech__fsd50k__train__speech__180299__0026.wav,speech
speech__fsd50k__train__speech__18274__0149.wav,speech
speech__fsd50k__train__speech__18286__0015.wav,speech
speech__fsd50k__train__speech__18287__0110.wav,speech
speech__fsd50k__train__speech__18288__0160.wav,speech
speech__fsd50k__train__speech__187294__0006.wav,speech
speech__fsd50k__train__speech__189358__0063.wav,speech
speech__fsd50k__train__speech__189376__0157.wav,speech
speech__fsd50k__train__speech__189379__0170.wav,speech
speech__fsd50k__train__speech__194481__0101.wav,speech
speech__fsd50k__train__speech__195846__0076.wav,speech
speech__fsd50k__train__speech__196844__0158.wav,speech
speech__fsd50k__train__speech__196865__0039.wav,speech
speech__fsd50k__train__speech__196884__0191.wav,speech
speech__fsd50k__train__speech__207860__0038.wav,speech
speech__fsd50k__train__speech__21137__0057.wav,speech
speech__fsd50k__train__speech__219653__0010.wav,speech
speech__fsd50k__train__speech__219657__0162.wav,speech
speech__fsd50k__train__speech__219663__0042.wav,speech
speech__fsd50k__train__speech__219941__0145.wav,speech
speech__fsd50k__train__speech__220818__0161.wav,speech
speech__fsd50k__train__speech__221150__0143.wav,speech
speech__fsd50k__train__speech__223521__0030.wav,speech
speech__fsd50k__train__speech__233029__0163.wav,speech
speech__fsd50k__train__speech__233032__0130.wav,speech
speech__fsd50k__train__speech__234996__0148.wav,speech
speech__fsd50k__train__speech__235048__0033.wav,speech
speech__fsd50k__train__speech__235114__0078.wav,speech
speech__fsd50k__train__speech__235145__0119.wav,speech
speech__fsd50k__train__speech__236364__0093.wav,speech
speech__fsd50k__train__speech__236382__0024.wav,speech
speech__fsd50k__train__speech__236398__0102.wav,speech
speech__fsd50k__train__speech__236418__0174.wav,speech
speech__fsd50k__train__speech__236428__0087.wav,speech
speech__fsd50k__train__speech__236454__0017.wav,speech
speech__fsd50k__train__speech__236455__0059.wav,speech
speech__fsd50k__train__speech__236464__0171.wav,speech
speech__fsd50k__train__speech__236547__0048.wav,speech
speech__fsd50k__train__speech__236556__0018.wav,speech
speech__fsd50k__train__speech__236580__0186.wav,speech
speech__fsd50k__train__speech__236609__0179.wav,speech
speech__fsd50k__train__speech__236653__0064.wav,speech
speech__fsd50k__train__speech__236660__0044.wav,speech
speech__fsd50k__train__speech__236680__0118.wav,speech
speech__fsd50k__train__speech__236682__0127.wav,speech
speech__fsd50k__train__speech__241581__0115.wav,speech
speech__fsd50k__train__speech__242576__0137.wav,speech
speech__fsd50k__train__speech__242683__0077.wav,speech
speech__fsd50k__train__speech__24373__0100.wav,speech
speech__fsd50k__train__speech__245604__0173.wav,speech
speech__fsd50k__train__speech__248047__0020.wav,speech
speech__fsd50k__train__speech__249722__0043.wav,speech
speech__fsd50k__train__speech__249807__0152.wav,speech
speech__fsd50k__train__speech__25042__0095.wav,speech
speech__fsd50k__train__speech__254337__0182.wav,speech
speech__fsd50k__train__speech__254389__0169.wav,speech
speech__fsd50k__train__speech__254416__0184.wav,speech
speech__fsd50k__train__speech__256337__0021.wav,speech
speech__fsd50k__train__speech__256352__0166.wav,speech
speech__fsd50k__train__speech__256355__0122.wav,speech
speech__fsd50k__train__speech__256368__0151.wav,speech
speech__fsd50k__train__speech__256779__0005.wav,speech
speech__fsd50k__train__speech__256880__0094.wav,speech
speech__fsd50k__train__speech__273153__0153.wav,speech
speech__fsd50k__train__speech__274872__0089.wav,speech
speech__fsd50k__train__speech__274892__0106.wav,speech
speech__fsd50k__train__speech__274978__0069.wav,speech
speech__fsd50k__train__speech__278895__0009.wav,speech
speech__fsd50k__train__speech__27969__0140.wav,speech
speech__fsd50k__train__speech__27970__0054.wav,speech
speech__fsd50k__train__speech__29654__0125.wav,speech
speech__fsd50k__train__speech__30277__0164.wav,speech
speech__fsd50k__train__speech__30597__0027.wav,speech
speech__fsd50k__train__speech__31345__0071.wav,speech
speech__fsd50k__train__speech__316170__0178.wav,speech
speech__fsd50k__train__speech__316411__0025.wav,speech
speech__fsd50k__train__speech__316443__0037.wav,speech
speech__fsd50k__train__speech__31783__0086.wav,speech
speech__fsd50k__train__speech__33689__0062.wav,speech
speech__fsd50k__train__speech__341347__0097.wav,speech
speech__fsd50k__train__speech__341509__0051.wav,speech
speech__fsd50k__train__speech__342258__0109.wav,speech
speech__fsd50k__train__speech__34318__0088.wav,speech
speech__fsd50k__train__speech__343891__0142.wav,speech
speech__fsd50k__train__speech__343915__0144.wav,speech
speech__fsd50k__train__speech__34420__0023.wav,speech
speech__fsd50k__train__speech__349317__0003.wav,speech
speech__fsd50k__train__speech__351110__0067.wav,speech
speech__fsd50k__train__speech__351337__0008.wav,speech
speech__fsd50k__train__speech__351339__0128.wav,speech
speech__fsd50k__train__speech__353294__0074.wav,speech
speech__fsd50k__train__speech__353295__0189.wav,speech
speech__fsd50k__train__speech__364897__0117.wav,speech
speech__fsd50k__train__speech__367187__0116.wav,speech
speech__fsd50k__train__speech__377264__0013.wav,speech
speech__fsd50k__train__speech__379969__0047.wav,speech
speech__fsd50k__train__speech__386538__0120.wav,speech
speech__fsd50k__train__speech__388383__0159.wav,speech
speech__fsd50k__train__speech__400734__0187.wav,speech
speech__fsd50k__train__speech__400748__0183.wav,speech
speech__fsd50k__train__speech__410467__0098.wav,speech
speech__fsd50k__train__speech__416636__0107.wav,speech
speech__fsd50k__train__speech__416655__0096.wav,speech
speech__fsd50k__train__speech__416672__0146.wav,speech
speech__fsd50k__train__speech__416694__0032.wav,speech
speech__fsd50k__train__speech__416701__0099.wav,speech
speech__fsd50k__train__speech__421872__0046.wav,speech
speech__fsd50k__train__speech__422909__0056.wav,speech
speech__fsd50k__train__speech__426906__0085.wav,speech
speech__fsd50k__train__speech__426908__0080.wav,speech
speech__fsd50k__train__speech__427774__0129.wav,speech
speech__fsd50k__train__speech__430179__0180.wav,speech
speech__fsd50k__train__speech__433704__0065.wav,speech
speech__fsd50k__train__speech__44198__0181.wav,speech
speech__fsd50k__train__speech__49724__0168.wav,speech
speech__fsd50k__train__speech__58797__0011.wav,speech
speech__fsd50k__train__speech__60521__0172.wav,speech
speech__fsd50k__train__speech__61219__0040.wav,speech
speech__fsd50k__train__speech__63337__0083.wav,speech
speech__fsd50k__train__speech__63340__0072.wav,speech
speech__fsd50k__train__speech__63708__0066.wav,speech
speech__fsd50k__train__speech__67340__0090.wav,speech
speech__fsd50k__train__speech__67628__0068.wav,speech
speech__fsd50k__train__speech__67647__0175.wav,speech
speech__fsd50k__train__speech__67655__0177.wav,speech
speech__fsd50k__train__speech__67663__0141.wav,speech
speech__fsd50k__train__speech__67665__0112.wav,speech
speech__fsd50k__train__speech__74889__0139.wav,speech
speech__fsd50k__train__speech__76613__0031.wav,speech
speech__fsd50k__train__speech__76621__0012.wav,speech
speech__fsd50k__train__speech__76648__0007.wav,speech
speech__fsd50k__train__speech__77423__0185.wav,speech
speech__fsd50k__train__speech__77447__0052.wav,speech
speech__fsd50k__train__speech__78490__0079.wav,speech
speech__fsd50k__train__speech__80190__0108.wav,speech
speech__fsd50k__train__speech__80630__0135.wav,speech
speech__fsd50k__train__speech__80651__0034.wav,speech
speech__fsd50k__train__speech__80671__0167.wav,speech
speech__fsd50k__train__speech__82710__0055.wav,speech
speech__fsd50k__train__speech__86402__0035.wav,speech
speech__fsd50k__train__speech__86418__0058.wav,speech
speech__fsd50k__train__speech__86451__0045.wav,speech
speech__fsd50k__train__speech__92915__0036.wav,speech
speech__fsd50k__train__speech__92927__0133.wav,speech
speech__fsd50k__train__speech__92935__0114.wav,speech
speech__fsd50k__train__speech__92953__0029.wav,speech
speech__fsd50k__train__speech__93364__0060.wav,speech
speech__fsd50k__train__speech__93375__0022.wav,speech
speech__fsd50k__train__speech__93391__0134.wav,speech
speech__fsd50k__train__speech__93700__0105.wav,speech
speech__fsd50k__train__speech__93868__0092.wav,speech
speech__fsd50k__train__speech__93870__0131.wav,speech
speech__fsd50k__train__speech__93872__0004.wav,speech
speech__fsd50k__train__speech__95679__0154.wav,speech
speech__fsd50k__train__speech__95680__0061.wav,speech
speech__fsd50k__train__speech__96543__0016.wav,speech
thunderstorm__esc50__fold_1__101296__0000__r0.wav,thunderstorm
thunderstorm__esc50__fold_1__101296__0001__r0.wav,thunderstorm
thunderstorm__esc50__fold_1__115521__0002__r0.wav,thunderstorm
thunderstorm__esc50__fold_1__23222__0003__r0.wav,thunderstorm
thunderstorm__esc50__fold_1__23222__0004__r0.wav,thunderstorm
thunderstorm__esc50__fold_1__24524__0005__r0.wav,thunderstorm
thunderstorm__esc50__fold_1__24524__0006__r0.wav,thunderstorm
thunderstorm__esc50__fold_1__24524__0007__r0.wav,thunderstorm
thunderstorm__esc50__fold_2__104105__0008__r0.wav,thunderstorm
thunderstorm__esc50__fold_2__104105__0009__r0.wav,thunderstorm
thunderstorm__esc50__fold_2__39441__0010__r0.wav,thunderstorm
thunderstorm__esc50__fold_2__39443__0011__r0.wav,thunderstorm
thunderstorm__esc50__fold_2__39443__0012__r0.wav,thunderstorm
thunderstorm__esc50__fold_2__39945__0013__r0.wav,thunderstorm
thunderstorm__esc50__fold_2__39945__0014__r0.wav,thunderstorm
thunderstorm__esc50__fold_2__39945__0015__r0.wav,thunderstorm
thunderstorm__esc50__fold_3__103050__0016__r0.wav,thunderstorm
thunderstorm__esc50__fold_3__103051__0017__r0.wav,thunderstorm
thunderstorm__esc50__fold_3__103051__0018__r0.wav,thunderstorm
thunderstorm__esc50__fold_3__103051__0019__r0.wav,thunderstorm
thunderstorm__esc50__fold_3__123224__0020__r0.wav,thunderstorm
thunderstorm__esc50__fold_3__124600__0021__r0.wav,thunderstorm
thunderstorm__esc50__fold_3__144891__0022__r0.wav,thunderstorm
thunderstorm__esc50__fold_3__144891__0023__r0.wav,thunderstorm
thunderstorm__fsd50k__dev__100011__0024__r0.wav,thunderstorm
thunderstorm__fsd50k__dev__105032__0025__r0.wav,thunderstorm
thunderstorm__fsd50k__dev__105296__0026__r0.wav,thunderstorm
thunderstorm__fsd50k__dev__105297__0027__r0.wav,thunderstorm
thunderstorm__fsd50k__dev__105298__0028__r0.wav,thunderstorm
thunderstorm__fsd50k__dev__105299__0029__r0.wav,thunderstorm
thunderstorm__fsd50k__dev__105301__0030__r0.wav,thunderstorm
thunderstorm__fsd50k__dev__105303__0031__r0.wav,thunderstorm
thunderstorm__fsd50k__dev__105304__0032__r0.wav,thunderstorm
thunderstorm__fsd50k__dev__105306__0033__r0.wav,thunderstorm
thunderstorm__fsd50k__dev__115521__0034__r0.wav,thunderstorm
thunderstorm__fsd50k__dev__117138__0035__r0.wav,thunderstorm
thunderstorm__fsd50k__dev__120393__0036__r0.wav,thunderstorm
thunderstorm__fsd50k__dev__121132__0037__r0.wav,thunderstorm
thunderstorm__fsd50k__dev__121568__0038__r0.wav,thunderstorm
thunderstorm__fsd50k__dev__121569__0039__r0.wav,thunderstorm
thunderstorm__fsd50k__dev__121572__0040__r0.wav,thunderstorm
thunderstorm__fsd50k__dev__121573__0041__r0.wav,thunderstorm
thunderstorm__fsd50k__dev__122089__0042__r0.wav,thunderstorm
thunderstorm__fsd50k__dev__122091__0043__r0.wav,thunderstorm
thunderstorm__fsd50k__dev__123358__0044__r0.wav,thunderstorm
thunderstorm__fsd50k__dev__123359__0045__r0.wav,thunderstorm
thunderstorm__fsd50k__dev__123360__0046__r0.wav,thunderstorm
thunderstorm__fsd50k__dev__124128__0047__r0.wav,thunderstorm
thunderstorm__fsd50k__dev__124129__0048__r0.wav,thunderstorm
thunderstorm__fsd50k__dev__127862__0049__r0.wav,thunderstorm
thunderstorm__fsd50k__dev__127975__0050__r0.wav,thunderstorm
thunderstorm__fsd50k__dev__127976__0051__r0.wav,thunderstorm
thunderstorm__fsd50k__dev__127978__0052__r0.wav,thunderstorm
thunderstorm__fsd50k__dev__135594__0053__r0.wav,thunderstorm
thunderstorm__fsd50k__dev__13585__0054__r0.wav,thunderstorm
thunderstorm__fsd50k__dev__136383__0055__r0.wav,thunderstorm
thunderstorm__fsd50k__dev__151189__0056__r0.wav,thunderstorm
thunderstorm__fsd50k__dev__151190__0057__r0.wav,thunderstorm
thunderstorm__fsd50k__dev__151191__0058__r0.wav,thunderstorm
thunderstorm__fsd50k__dev__151192__0059__r0.wav,thunderstorm
thunderstorm__fsd50k__dev__151193__0060__r0.wav,thunderstorm
thunderstorm__fsd50k__dev__151194__0061__r0.wav,thunderstorm
thunderstorm__fsd50k__dev__151195__0062__r0.wav,thunderstorm
thunderstorm__fsd50k__dev__151196__0063__r0.wav,thunderstorm
thunderstorm__fsd50k__dev__151197__0064__r0.wav,thunderstorm
thunderstorm__fsd50k__dev__151198__0065__r0.wav,thunderstorm
thunderstorm__fsd50k__dev__151199__0066__r0.wav,thunderstorm
thunderstorm__fsd50k__dev__151201__0067__r0.wav,thunderstorm
thunderstorm__fsd50k__dev__151849__0068__r0.wav,thunderstorm
thunderstorm__fsd50k__dev__158980__0069__r0.wav,thunderstorm
thunderstorm__fsd50k__dev__158981__0070__r0.wav,thunderstorm
thunderstorm__fsd50k__dev__158982__0071__r0.wav,thunderstorm
thunderstorm__fsd50k__dev__158984__0072__r0.wav,thunderstorm
thunderstorm__fsd50k__dev__158986__0073__r0.wav,thunderstorm
thunderstorm__fsd50k__dev__158987__0074__r0.wav,thunderstorm
thunderstorm__fsd50k__dev__158989__0075__r0.wav,thunderstorm
thunderstorm__fsd50k__dev__159684__0076__r0.wav,thunderstorm
thunderstorm__fsd50k__dev__159685__0077__r0.wav,thunderstorm
thunderstorm__fsd50k__dev__159686__0078__r0.wav,thunderstorm
thunderstorm__fsd50k__dev__159692__0079__r0.wav,thunderstorm
thunderstorm__fsd50k__dev__159693__0080__r0.wav,thunderstorm
thunderstorm__fsd50k__dev__160154__0081__r0.wav,thunderstorm
thunderstorm__fsd50k__dev__160155__0082__r0.wav,thunderstorm
thunderstorm__fsd50k__dev__160156__0083__r0.wav,thunderstorm
thunderstorm__fsd50k__dev__160157__0084__r0.wav,thunderstorm
thunderstorm__fsd50k__dev__160770__0085__r0.wav,thunderstorm
thunderstorm__fsd50k__dev__160910__0086__r0.wav,thunderstorm
thunderstorm__fsd50k__dev__160911__0087__r0.wav,thunderstorm
thunderstorm__fsd50k__dev__161503__0088__r0.wav,thunderstorm
thunderstorm__fsd50k__dev__165812__0089__r0.wav,thunderstorm
thunderstorm__fsd50k__dev__169155__0090__r0.wav,thunderstorm
thunderstorm__fsd50k__dev__17057__0091__r0.wav,thunderstorm
thunderstorm__fsd50k__dev__17059__0092__r0.wav,thunderstorm
thunderstorm__fsd50k__dev__17153__0093__r0.wav,thunderstorm
thunderstorm__fsd50k__dev__17154__0094__r0.wav,thunderstorm
thunderstorm__fsd50k__dev__18045__0095__r0.wav,thunderstorm
thunderstorm__fsd50k__dev__18046__0096__r0.wav,thunderstorm
thunderstorm__fsd50k__dev__18047__0097__r0.wav,thunderstorm
thunderstorm__fsd50k__dev__187772__0098__r0.wav,thunderstorm
thunderstorm__fsd50k__dev__189728__0099__r0.wav,thunderstorm
thunderstorm__fsd50k__dev__189729__0100__r0.wav,thunderstorm
thunderstorm__fsd50k__dev__192195__0101__r0.wav,thunderstorm
thunderstorm__fsd50k__dev__193333__0102__r0.wav,thunderstorm
thunderstorm__fsd50k__dev__193334__0103__r0.wav,thunderstorm
thunderstorm__fsd50k__dev__194842__0104__r0.wav,thunderstorm
thunderstorm__fsd50k__dev__194872__0105__r0.wav,thunderstorm
thunderstorm__fsd50k__dev__194904__0106__r0.wav,thunderstorm
thunderstorm__fsd50k__dev__195433__0107__r0.wav,thunderstorm
thunderstorm__fsd50k__dev__195436__0108__r0.wav,thunderstorm
thunderstorm__fsd50k__dev__195439__0109__r0.wav,thunderstorm
thunderstorm__fsd50k__dev__195985__0110__r0.wav,thunderstorm
thunderstorm__fsd50k__dev__196033__0111__r0.wav,thunderstorm
thunderstorm__fsd50k__dev__196034__0112__r0.wav,thunderstorm
thunderstorm__fsd50k__dev__199754__0113__r0.wav,thunderstorm
thunderstorm__fsd50k__dev__199755__0114__r0.wav,thunderstorm
thunderstorm__fsd50k__dev__199757__0115__r0.wav,thunderstorm
thunderstorm__fsd50k__dev__199771__0116__r0.wav,thunderstorm
thunderstorm__fsd50k__dev__199943__0117__r0.wav,thunderstorm
thunderstorm__fsd50k__dev__199944__0118__r0.wav,thunderstorm
thunderstorm__fsd50k__dev__199945__0119__r0.wav,thunderstorm
thunderstorm__fsd50k__dev__199946__0120__r0.wav,thunderstorm
thunderstorm__fsd50k__dev__199947__0121__r0.wav,thunderstorm
thunderstorm__fsd50k__dev__199948__0122__r0.wav,thunderstorm
thunderstorm__fsd50k__dev__199950__0123__r0.wav,thunderstorm
thunderstorm__fsd50k__dev__199953__0124__r0.wav,thunderstorm
thunderstorm__fsd50k__dev__199955__0125__r0.wav,thunderstorm
thunderstorm__fsd50k__dev__199956__0126__r0.wav,thunderstorm
thunderstorm__fsd50k__dev__199957__0127__r0.wav,thunderstorm
thunderstorm__fsd50k__dev__199958__0128__r0.wav,thunderstorm
thunderstorm__fsd50k__dev__199959__0129__r0.wav,thunderstorm
thunderstorm__fsd50k__dev__199960__0130__r0.wav,thunderstorm
thunderstorm__fsd50k__dev__20048__0131__r0.wav,thunderstorm
thunderstorm__fsd50k__dev__203718__0132__r0.wav,thunderstorm
thunderstorm__fsd50k__dev__213015__0133__r0.wav,thunderstorm
thunderstorm__fsd50k__dev__213028__0134__r0.wav,thunderstorm
thunderstorm__fsd50k__dev__213029__0135__r0.wav,thunderstorm
thunderstorm__fsd50k__dev__214052__0136__r0.wav,thunderstorm
thunderstorm__fsd50k__dev__216255__0137__r0.wav,thunderstorm
thunderstorm__fsd50k__dev__216257__0138__r0.wav,thunderstorm
thunderstorm__fsd50k__dev__216268__0139__r0.wav,thunderstorm
thunderstorm__fsd50k__dev__216269__0140__r0.wav,thunderstorm
thunderstorm__fsd50k__dev__22926__0141__r0.wav,thunderstorm
thunderstorm__fsd50k__dev__22927__0142__r0.wav,thunderstorm
thunderstorm__fsd50k__dev__22928__0143__r0.wav,thunderstorm
thunderstorm__fsd50k__dev__22929__0144__r0.wav,thunderstorm
thunderstorm__fsd50k__dev__22930__0145__r0.wav,thunderstorm
thunderstorm__fsd50k__dev__22931__0146__r0.wav,thunderstorm
thunderstorm__fsd50k__dev__22932__0147__r0.wav,thunderstorm
thunderstorm__fsd50k__dev__22933__0148__r0.wav,thunderstorm
thunderstorm__fsd50k__dev__22934__0149__r0.wav,thunderstorm
thunderstorm__fsd50k__dev__22935__0150__r0.wav,thunderstorm
thunderstorm__fsd50k__dev__22937__0151__r0.wav,thunderstorm
thunderstorm__fsd50k__dev__22938__0152__r0.wav,thunderstorm
thunderstorm__fsd50k__dev__236996__0153__r0.wav,thunderstorm
thunderstorm__fsd50k__dev__237409__0154__r0.wav,thunderstorm
thunderstorm__fsd50k__dev__237410__0155__r0.wav,thunderstorm
thunderstorm__fsd50k__dev__237411__0156__r0.wav,thunderstorm
thunderstorm__fsd50k__dev__237412__0157__r0.wav,thunderstorm
thunderstorm__fsd50k__dev__237542__0158__r0.wav,thunderstorm
thunderstorm__fsd50k__dev__237725__0159__r0.wav,thunderstorm
thunderstorm__fsd50k__dev__237730__0160__r0.wav,thunderstorm
thunderstorm__fsd50k__dev__237731__0161__r0.wav,thunderstorm
thunderstorm__fsd50k__dev__237732__0162__r0.wav,thunderstorm
thunderstorm__fsd50k__dev__238626__0163__r0.wav,thunderstorm
thunderstorm__fsd50k__dev__238689__0164__r0.wav,thunderstorm
thunderstorm__fsd50k__dev__238690__0165__r0.wav,thunderstorm
thunderstorm__fsd50k__dev__238791__0166__r0.wav,thunderstorm
thunderstorm__fsd50k__dev__238793__0167__r0.wav,thunderstorm
thunderstorm__fsd50k__dev__238794__0168__r0.wav,thunderstorm
thunderstorm__fsd50k__dev__238806__0169__r0.wav,thunderstorm
thunderstorm__fsd50k__dev__240368__0170__r0.wav,thunderstorm
thunderstorm__fsd50k__dev__240790__0171__r0.wav,thunderstorm
thunderstorm__fsd50k__dev__240791__0172__r0.wav,thunderstorm
thunderstorm__fsd50k__dev__240792__0173__r0.wav,thunderstorm
thunderstorm__fsd50k__dev__240793__0174__r0.wav,thunderstorm
thunderstorm__fsd50k__dev__242013__0175__r0.wav,thunderstorm
thunderstorm__fsd50k__dev__242014__0176__r0.wav,thunderstorm
thunderstorm__fsd50k__dev__242015__0177__r0.wav,thunderstorm
thunderstorm__fsd50k__dev__242016__0178__r0.wav,thunderstorm
thunderstorm__fsd50k__dev__242017__0179__r0.wav,thunderstorm
thunderstorm__fsd50k__dev__242018__0180__r0.wav,thunderstorm
thunderstorm__fsd50k__dev__242603__0181__r0.wav,thunderstorm
thunderstorm__fsd50k__dev__243778__0182__r0.wav,thunderstorm
thunderstorm__fsd50k__dev__243779__0183__r0.wav,thunderstorm
thunderstorm__fsd50k__dev__243780__0184__r0.wav,thunderstorm
thunderstorm__fsd50k__dev__244053__0185__r0.wav,thunderstorm
thunderstorm__fsd50k__dev__244054__0186__r0.wav,thunderstorm
thunderstorm__fsd50k__dev__244581__0187__r0.wav,thunderstorm
thunderstorm__fsd50k__dev__249508__0188__r0.wav,thunderstorm
thunderstorm__fsd50k__dev__249950__0189__r0.wav,thunderstorm
thunderstorm__fsd50k__dev__250107__0190__r0.wav,thunderstorm
thunderstorm__fsd50k__dev__251629__0191__r0.wav,thunderstorm
